Routing_param/mask_area.txt
ncols         56
nrows         34
xllcorner     100.75000000033
yllcorner     33.500000000126
cellsize      0.25
NODATA_value  -9999
-9999 -9999 -9999 -9999 -9999 -9999 -9999 -9999 -9999 -9999 -9999 -9999 -9999 -9999 -9999 -9999 -9999 -9999 -9999 -9999 -9999 -9999 -9999 -9999 -9999 -9999 -9999 -9999 -9999 -9999 -9999 -9999 -9999 -9999 -9999 -9999 -9999 -9999 -9999 -9999 -9999 -9999 -9999 -9999 -9999 -9999 -9999 -9999 -9999 -9999 -9999 -9999 -9999 -9999 -9999 -9999 
-9999 -9999 -9999 -9999 -9999 -9999 -9999 -9999 -9999 -9999 -9999 -9999 -9999 -9999 -9999 -9999 -9999 -9999 -9999 -9999 -9999 -9999 -9999 -9999 -9999 -9999 -9999 -9999 -9999 -9999 -9999 -9999 -9999 -9999 -9999 -9999 -9999 -9999 -9999 -9999 -9999 -9999 -9999 -9999 -9999 -9999 3.88845e+008 5.38515e+008 -9999 -9999 -9999 -9999 -9999 -9999 -9999 -9999 
-9999 -9999 -9999 -9999 -9999 -9999 -9999 -9999 -9999 -9999 -9999 -9999 -9999 -9999 -9999 -9999 -9999 -9999 -9999 -9999 -9999 -9999 -9999 -9999 -9999 -9999 -9999 -9999 -9999 -9999 -9999 -9999 -9999 -9999 -9999 -9999 3.98591e+008 3.41534e+008 -9999 -9999 -9999 -9999 -9999 -9999 -9999 4.62772e+008 5.40985e+008 5.40985e+008 -9999 -9999 -9999 -9999 -9999 -9999 -9999 -9999 
-9999 -9999 -9999 -9999 -9999 -9999 -9999 -9999 -9999 -9999 -9999 -9999 -9999 -9999 -9999 -9999 -9999 -9999 -9999 -9999 -9999 -9999 -9999 -9999 -9999 2.78863e+008 5.10634e+008 5.43466e+008 4.5956e+008 5.07051e+008 4.41081e+008 3.93847e+008 5.23209e+008 5.33269e+008 5.23368e+008 5.22046e+008 5.43467e+008 5.43467e+008 5.43467e+008 5.43467e+008 5.43467e+008 5.39345e+008 5.42947e+008 5.43467e+008 5.09202e+008 5.43467e+008 5.43467e+008 5.15345e+008 -9999 -9999 -9999 -9999 -9999 -9999 -9999 -9999 
-9999 -9999 -9999 -9999 -9999 -9999 -9999 -9999 -9999 -9999 -9999 -9999 -9999 -9999 -9999 -9999 -9999 -9999 -9999 -9999 -9999 -9999 3.63821e+008 -9999 4.71454e+008 5.45961e+008 5.45961e+008 5.45961e+008 5.45961e+008 5.45961e+008 5.45961e+008 5.45961e+008 5.45961e+008 5.45961e+008 5.45961e+008 5.45961e+008 5.45961e+008 5.45961e+008 5.45961e+008 5.45961e+008 5.45961e+008 5.45961e+008 5.45961e+008 5.45961e+008 5.45961e+008 5.45961e+008 5.45961e+008 5.45961e+008 3.69736e+008 -9999 -9999 -9999 -9999 -9999 -9999 -9999 
-9999 -9999 -9999 -9999 -9999 -9999 -9999 -9999 -9999 -9999 -9999 -9999 -9999 -9999 -9999 -9999 -9999 -9999 -9999 -9999 -9999 -9999 4.8667e+008 5.35547e+008 5.48467e+008 5.48467e+008 5.48467e+008 5.48467e+008 5.48467e+008 5.48467e+008 5.48467e+008 5.48467e+008 5.48467e+008 5.48467e+008 5.48467e+008 5.48467e+008 5.48467e+008 5.48467e+008 5.48467e+008 5.48467e+008 5.48467e+008 5.48467e+008 5.48467e+008 5.48467e+008 5.48468e+008 5.48468e+008 5.48468e+008 5.48468e+008 5.48684e+008 4.73618e+008 5.03337e+008 3.06703e+008 -9999 3.42949e+008 -9999 -9999 
-9999 -9999 -9999 -9999 -9999 -9999 -9999 -9999 -9999 -9999 -9999 -9999 -9999 -9999 -9999 -9999 -9999 -9999 -9999 -9999 -9999 -9999 -9999 3.35109e+008 5.50102e+008 5.50986e+008 5.50986e+008 5.50986e+008 5.50986e+008 5.50986e+008 5.50986e+008 5.50986e+008 5.50986e+008 5.50986e+008 5.50986e+008 5.50986e+008 5.50986e+008 5.50986e+008 5.50986e+008 5.50986e+008 5.50986e+008 5.50986e+008 5.50986e+008 5.50986e+008 5.50986e+008 5.50986e+008 5.50986e+008 5.50986e+008 5.50986e+008 5.50986e+008 5.50986e+008 5.50986e+008 5.49443e+008 5.50987e+008 -9999 -9999 
-9999 -9999 -9999 -9999 -9999 -9999 -9999 -9999 -9999 -9999 -9999 -9999 -9999 -9999 -9999 -9999 -9999 -9999 -9999 -9999 -9999 -9999 -9999 -9999 4.63968e+008 5.53517e+008 5.53517e+008 5.53517e+008 5.53517e+008 5.53517e+008 5.53517e+008 5.53517e+008 5.53517e+008 5.53517e+008 5.53517e+008 5.53517e+008 5.53517e+008 5.53518e+008 5.53518e+008 5.53518e+008 5.53518e+008 5.53518e+008 5.53518e+008 5.53518e+008 5.53518e+008 5.53518e+008 5.53518e+008 5.53518e+008 5.53518e+008 5.53518e+008 5.53518e+008 5.53518e+008 4.98027e+008 -9999 -9999 -9999 
-9999 -9999 -9999 -9999 -9999 -9999 -9999 -9999 -9999 -9999 -9999 -9999 -9999 -9999 -9999 -9999 -9999 -9999 -9999 -9999 -9999 -9999 -9999 -9999 5.56182e+008 5.56061e+008 5.56061e+008 5.56061e+008 5.56061e+008 5.56061e+008 5.56061e+008 5.56061e+008 5.56061e+008 5.56061e+008 5.56061e+008 5.56061e+008 5.56061e+008 5.56062e+008 5.56062e+008 5.56062e+008 5.56062e+008 5.56062e+008 5.56062e+008 5.56062e+008 5.56062e+008 5.56062e+008 5.56062e+008 5.56062e+008 5.56062e+008 5.56062e+008 5.56062e+008 5.56062e+008 5.53379e+008 3.46613e+008 1.66644e+008 -9999 
-9999 -9999 -9999 -9999 -9999 -9999 -9999 -9999 -9999 -9999 -9999 -9999 -9999 -9999 -9999 -9999 -9999 -9999 -9999 -9999 -9999 -9999 -9999 -9999 5.3901e+008 5.58618e+008 5.58618e+008 5.58618e+008 5.58618e+008 5.58618e+008 5.58618e+008 5.58618e+008 5.58618e+008 5.58618e+008 5.58618e+008 5.58618e+008 5.58618e+008 5.58618e+008 5.58618e+008 5.58618e+008 5.58618e+008 5.58618e+008 5.58618e+008 5.58618e+008 5.58618e+008 5.58618e+008 5.58618e+008 5.58619e+008 5.58619e+008 5.58619e+008 5.58619e+008 5.58619e+008 5.58619e+008 5.58619e+008 4.3666e+008 -9999 
-9999 -9999 -9999 -9999 -9999 -9999 -9999 -9999 -9999 -9999 -9999 -9999 -9999 -9999 -9999 -9999 -9999 -9999 -9999 -9999 -9999 -9999 -9999 -9999 5.57685e+008 5.61188e+008 5.61188e+008 5.61188e+008 5.61188e+008 5.61188e+008 5.61188e+008 5.61188e+008 5.61188e+008 5.61188e+008 5.61188e+008 5.61188e+008 5.61188e+008 5.61188e+008 5.61188e+008 5.61188e+008 5.61188e+008 5.61188e+008 5.61188e+008 5.61188e+008 5.61188e+008 5.61188e+008 5.61188e+008 5.61188e+008 5.61188e+008 5.61188e+008 5.61188e+008 5.61188e+008 5.61188e+008 5.61189e+008 4.70777e+008 -9999 
-9999 -9999 -9999 -9999 -9999 -9999 -9999 -9999 -9999 -9999 -9999 -9999 -9999 -9999 -9999 -9999 -9999 -9999 -9999 -9999 -9999 2.37642e+008 5.30737e+008 5.63771e+008 5.63771e+008 5.63771e+008 5.63771e+008 5.63771e+008 5.63771e+008 5.63771e+008 5.63771e+008 5.63771e+008 5.63771e+008 5.63771e+008 5.63771e+008 5.63771e+008 5.63771e+008 5.63771e+008 5.63771e+008 5.63771e+008 5.63771e+008 5.63771e+008 5.63771e+008 5.63771e+008 5.63771e+008 5.63771e+008 5.63771e+008 5.63771e+008 5.63771e+008 5.63771e+008 5.63771e+008 5.63771e+008 4.03131e+008 3.34927e+008 -9999 -9999 
-9999 -9999 -9999 -9999 -9999 -9999 -9999 -9999 -9999 -9999 -9999 -9999 -9999 -9999 -9999 -9999 -9999 -9999 -9999 -9999 -9999 5.48421e+008 5.66367e+008 5.66367e+008 5.66367e+008 5.66367e+008 5.66367e+008 5.66367e+008 5.66367e+008 5.66367e+008 5.66367e+008 5.66367e+008 5.66367e+008 5.66367e+008 5.66367e+008 5.66367e+008 5.66367e+008 5.66367e+008 5.66367e+008 5.66367e+008 5.66367e+008 5.66367e+008 5.66367e+008 5.66367e+008 5.66367e+008 5.66367e+008 5.66367e+008 5.66367e+008 5.66367e+008 5.66368e+008 5.66368e+008 5.61832e+008 -9999 -9999 -9999 -9999 
-9999 -9999 -9999 -9999 -9999 -9999 -9999 -9999 -9999 -9999 -9999 -9999 -9999 -9999 -9999 -9999 -9999 -9999 -9999 -9999 3.0718e+008 5.68977e+008 5.68977e+008 5.68977e+008 5.68977e+008 5.68977e+008 5.68977e+008 5.68977e+008 5.68977e+008 5.68977e+008 5.68977e+008 5.68977e+008 5.68977e+008 5.68977e+008 5.68977e+008 5.68977e+008 5.68977e+008 5.68977e+008 5.68977e+008 5.68977e+008 5.68977e+008 5.68977e+008 5.68977e+008 5.68977e+008 5.68977e+008 5.68977e+008 5.68977e+008 5.68977e+008 5.68977e+008 5.68977e+008 5.68977e+008 -9999 -9999 -9999 -9999 -9999 
-9999 -9999 -9999 -9999 -9999 -9999 -9999 -9999 -9999 -9999 -9999 -9999 -9999 -9999 -9999 -9999 -9999 -9999 -9999 -9999 3.86817e+008 5.716e+008 5.716e+008 5.716e+008 5.716e+008 5.716e+008 5.716e+008 5.716e+008 5.716e+008 5.716e+008 5.716e+008 5.716e+008 5.716e+008 5.716e+008 5.716e+008 5.716e+008 5.716e+008 5.716e+008 5.716e+008 5.716e+008 5.716e+008 5.716e+008 5.716e+008 5.716e+008 5.716e+008 5.716e+008 5.716e+008 5.716e+008 5.716e+008 5.716e+008 5.716e+008 -9999 -9999 -9999 -9999 -9999 
-9999 -9999 -9999 -9999 -9999 -9999 -9999 -9999 -9999 -9999 -9999 -9999 -9999 -9999 -9999 -9999 -9999 -9999 -9999 -9999 4.96733e+008 5.74237e+008 5.74237e+008 5.74237e+008 5.74237e+008 5.74237e+008 5.74237e+008 5.74237e+008 5.74237e+008 5.74237e+008 5.74237e+008 5.74237e+008 5.74237e+008 5.74237e+008 5.74237e+008 5.74237e+008 5.74237e+008 5.74237e+008 5.74237e+008 5.74237e+008 5.74237e+008 5.74237e+008 5.74237e+008 5.74237e+008 5.74237e+008 5.74237e+008 5.74237e+008 5.74237e+008 5.74237e+008 5.74237e+008 5.74237e+008 5.17101e+008 -9999 -9999 -9999 -9999 
-9999 -9999 -9999 -9999 -9999 -9999 -9999 -9999 -9999 -9999 -9999 -9999 -9999 -9999 -9999 -9999 -9999 -9999 -9999 -9999 5.09399e+008 5.76888e+008 5.76888e+008 5.76888e+008 5.76888e+008 5.76888e+008 5.76888e+008 5.76888e+008 5.76888e+008 5.76888e+008 5.76888e+008 5.76888e+008 5.76888e+008 5.76888e+008 5.76888e+008 5.76888e+008 5.76888e+008 5.76888e+008 5.76888e+008 5.76888e+008 5.76888e+008 5.76888e+008 5.76888e+008 5.76888e+008 5.76888e+008 5.76888e+008 5.76888e+008 5.76888e+008 5.76888e+008 5.76888e+008 5.76888e+008 5.76888e+008 4.21815e+008 -9999 -9999 -9999 
-9999 -9999 5.77558e+008 3.49435e+008 3.51844e+008 -9999 -9999 -9999 -9999 -9999 -9999 -9999 2.11613e+008 -9999 -9999 -9999 -9999 3.09304e+008 4.99472e+008 5.26348e+008 5.79553e+008 5.79553e+008 5.79553e+008 5.79553e+008 5.79553e+008 5.79553e+008 5.79553e+008 5.79553e+008 5.79553e+008 5.79553e+008 5.79553e+008 5.79553e+008 5.79553e+008 5.79553e+008 5.79553e+008 5.79553e+008 5.79553e+008 5.79553e+008 5.79553e+008 5.79553e+008 5.79553e+008 5.79553e+008 5.79553e+008 5.79553e+008 5.79553e+008 5.79553e+008 5.79553e+008 5.79553e+008 5.79553e+008 5.79553e+008 5.79553e+008 5.79553e+008 5.75677e+008 -9999 -9999 -9999 
-9999 5.70028e+008 5.82231e+008 5.82231e+008 5.82231e+008 4.97434e+008 -9999 -9999 -9999 -9999 -9999 -9999 5.13089e+008 5.09366e+008 5.30982e+008 5.82232e+008 5.82232e+008 5.82232e+008 5.82232e+008 5.82232e+008 5.82232e+008 5.82232e+008 5.82232e+008 5.82232e+008 5.82232e+008 5.82232e+008 5.82232e+008 5.82232e+008 5.82232e+008 5.82232e+008 5.82232e+008 5.82232e+008 5.82232e+008 5.82232e+008 5.82232e+008 5.82232e+008 5.82232e+008 5.82232e+008 5.82232e+008 5.82232e+008 5.82232e+008 5.82232e+008 5.82232e+008 5.82232e+008 5.82232e+008 5.82232e+008 5.82232e+008 5.82232e+008 5.82232e+008 5.82232e+008 5.82232e+008 5.82232e+008 4.26496e+008 -9999 -9999 -9999 
-9999 -9999 5.19888e+008 5.84925e+008 5.84925e+008 5.84925e+008 5.84953e+008 -9999 -9999 -9999 -9999 -9999 5.86326e+008 5.84925e+008 5.84925e+008 5.84925e+008 5.84925e+008 5.84925e+008 5.84925e+008 5.84925e+008 5.84925e+008 5.84925e+008 5.84925e+008 5.84925e+008 5.84925e+008 5.84925e+008 5.84925e+008 5.84925e+008 5.84925e+008 5.84925e+008 5.84925e+008 5.84925e+008 5.84925e+008 5.84925e+008 5.84925e+008 5.84925e+008 5.84925e+008 5.84926e+008 5.84926e+008 5.84926e+008 5.84926e+008 5.84926e+008 5.84926e+008 5.84926e+008 5.84926e+008 5.84926e+008 5.84926e+008 5.84926e+008 5.84926e+008 5.84926e+008 5.84926e+008 5.77462e+008 -9999 -9999 -9999 -9999 
-9999 -9999 4.68764e+008 5.87633e+008 5.87633e+008 5.87633e+008 5.81736e+008 3.12833e+008 -9999 5.13566e+008 4.38835e+008 5.57216e+008 5.87633e+008 5.87633e+008 5.87633e+008 5.87633e+008 5.87633e+008 5.87633e+008 5.87633e+008 5.87633e+008 5.87633e+008 5.87633e+008 5.87633e+008 5.87633e+008 5.87633e+008 5.87633e+008 5.87633e+008 5.87633e+008 5.87633e+008 5.87633e+008 5.87633e+008 5.87633e+008 5.87633e+008 5.87633e+008 5.87633e+008 5.87633e+008 5.87634e+008 5.87634e+008 5.87634e+008 5.87634e+008 5.87634e+008 5.87634e+008 5.87634e+008 5.87634e+008 5.87634e+008 5.87634e+008 5.87634e+008 5.87634e+008 5.87634e+008 5.87634e+008 5.87015e+008 4.01341e+008 -9999 -9999 -9999 -9999 
-9999 5.51833e+008 5.90356e+008 5.90356e+008 5.90356e+008 5.90356e+008 5.90356e+008 5.10801e+008 -9999 5.90356e+008 5.90356e+008 5.90356e+008 5.90356e+008 5.90356e+008 5.90356e+008 5.90356e+008 5.90356e+008 5.90356e+008 5.90356e+008 5.90356e+008 5.90356e+008 5.90356e+008 5.90356e+008 5.90356e+008 5.90356e+008 5.90356e+008 5.90356e+008 5.90356e+008 5.90356e+008 5.90356e+008 5.90356e+008 5.90356e+008 5.90356e+008 5.90356e+008 5.90356e+008 5.90356e+008 5.90356e+008 5.90356e+008 5.90356e+008 5.90356e+008 5.90356e+008 5.90356e+008 5.90356e+008 5.90356e+008 5.90356e+008 5.90356e+008 5.90357e+008 5.90357e+008 5.90357e+008 5.90357e+008 5.45294e+008 -9999 -9999 -9999 -9999 -9999 
-9999 -9999 5.93093e+008 5.93093e+008 5.93093e+008 5.93093e+008 5.93093e+008 5.93093e+008 5.93093e+008 5.93093e+008 5.93093e+008 5.93093e+008 5.93093e+008 5.93094e+008 5.93094e+008 5.93094e+008 5.93094e+008 5.93094e+008 5.93094e+008 5.93094e+008 5.93094e+008 5.93094e+008 5.93094e+008 5.93094e+008 5.93094e+008 5.93094e+008 5.93094e+008 5.93094e+008 5.93094e+008 5.93094e+008 5.93094e+008 5.93094e+008 5.93094e+008 5.93094e+008 5.93094e+008 5.93094e+008 5.93094e+008 5.93094e+008 5.93094e+008 5.93094e+008 5.93094e+008 5.93094e+008 5.93094e+008 5.93094e+008 5.93094e+008 5.93094e+008 5.93094e+008 5.93094e+008 5.93094e+008 5.93094e+008 5.93094e+008 4.21326e+008 -9999 -9999 -9999 -9999 
-9999 3.66348e+008 5.82537e+008 5.95846e+008 5.95846e+008 5.95846e+008 5.95846e+008 5.95846e+008 5.95846e+008 5.95846e+008 5.95846e+008 5.95846e+008 5.95846e+008 5.95846e+008 5.95846e+008 5.95846e+008 5.95846e+008 5.95846e+008 5.95846e+008 5.95846e+008 5.95846e+008 5.95846e+008 5.95846e+008 5.95846e+008 5.95846e+008 5.95846e+008 5.95846e+008 5.95846e+008 5.95846e+008 5.95846e+008 5.95846e+008 5.95846e+008 5.95846e+008 5.95847e+008 5.95847e+008 5.95847e+008 5.95847e+008 5.95847e+008 5.95847e+008 5.95847e+008 5.95847e+008 5.95847e+008 5.95847e+008 5.95847e+008 5.95847e+008 5.95847e+008 5.95847e+008 5.95847e+008 5.95847e+008 5.95847e+008 5.95847e+008 5.05113e+008 -9999 -9999 -9999 -9999 
-9999 -9999 3.95329e+008 5.98614e+008 5.98614e+008 5.98614e+008 5.98614e+008 5.98614e+008 5.98614e+008 5.98614e+008 5.98614e+008 5.98614e+008 5.98614e+008 5.98614e+008 5.98614e+008 5.98614e+008 5.98614e+008 5.98614e+008 5.98614e+008 5.98614e+008 5.98614e+008 5.98614e+008 5.98614e+008 5.98614e+008 5.98614e+008 5.98614e+008 5.98614e+008 5.98614e+008 5.98614e+008 5.98614e+008 5.98614e+008 5.98614e+008 5.98614e+008 5.98614e+008 5.98614e+008 5.98614e+008 5.98614e+008 5.98614e+008 5.98615e+008 5.98615e+008 5.98615e+008 5.98615e+008 5.98615e+008 5.98615e+008 5.98615e+008 5.98615e+008 5.98615e+008 5.98615e+008 5.98615e+008 5.98615e+008 5.98615e+008 3.63676e+008 -9999 -9999 -9999 -9999 
-9999 -9999 -9999 5.44421e+008 5.99846e+008 6.01397e+008 6.00383e+008 4.95464e+008 5.99836e+008 6.01397e+008 6.01397e+008 6.01397e+008 6.01397e+008 6.01397e+008 6.01397e+008 6.01397e+008 6.01397e+008 6.01397e+008 6.01397e+008 6.01397e+008 6.01397e+008 6.01397e+008 6.01397e+008 6.01397e+008 6.01397e+008 6.01397e+008 6.01398e+008 6.01398e+008 6.01398e+008 6.01398e+008 6.01398e+008 6.01398e+008 6.01398e+008 6.01398e+008 6.01398e+008 6.01398e+008 6.01398e+008 6.01398e+008 6.01398e+008 6.01398e+008 6.01398e+008 6.01398e+008 6.01398e+008 6.01398e+008 6.01398e+008 6.01398e+008 6.01398e+008 6.01398e+008 6.01398e+008 6.01398e+008 5.79665e+008 -9999 -9999 -9999 -9999 -9999 
-9999 -9999 -9999 -9999 3.40683e+008 5.96544e+008 -9999 -9999 -9999 5.6432e+008 6.03511e+008 6.04196e+008 6.04196e+008 6.04196e+008 6.04196e+008 6.04196e+008 6.04196e+008 6.04196e+008 6.04196e+008 6.04196e+008 6.04196e+008 6.04196e+008 6.04196e+008 6.04196e+008 6.04196e+008 6.04196e+008 6.04196e+008 6.04196e+008 6.04196e+008 6.04196e+008 6.04196e+008 6.04196e+008 6.04196e+008 6.04196e+008 6.04196e+008 6.04196e+008 6.04196e+008 6.04196e+008 6.04197e+008 6.04197e+008 6.04197e+008 6.04197e+008 6.04197e+008 6.04197e+008 6.04197e+008 6.04197e+008 6.04197e+008 6.04197e+008 5.6036e+008 2.82854e+008 -9999 -9999 -9999 -9999 -9999 -9999 
-9999 -9999 -9999 -9999 -9999 3.77833e+008 -9999 -9999 -9999 -9999 -9999 3.39749e+008 6.03222e+008 6.07011e+008 6.07011e+008 6.07011e+008 6.07011e+008 6.07011e+008 6.07011e+008 6.07011e+008 6.07011e+008 6.07011e+008 6.07011e+008 6.07011e+008 6.07011e+008 6.07011e+008 6.07011e+008 6.07011e+008 6.07011e+008 6.07011e+008 6.07011e+008 6.07011e+008 6.07011e+008 6.07011e+008 6.07011e+008 6.07011e+008 6.07011e+008 6.07011e+008 6.07011e+008 6.07011e+008 6.07011e+008 6.07011e+008 6.07011e+008 6.07011e+008 6.07011e+008 6.07011e+008 6.07011e+008 5.74271e+008 -9999 -9999 -9999 -9999 -9999 -9999 -9999 -9999 
-9999 -9999 -9999 -9999 -9999 -9999 -9999 -9999 -9999 -9999 -9999 -9999 -9999 5.67723e+008 6.09841e+008 6.09841e+008 6.09841e+008 6.09841e+008 6.09841e+008 6.09841e+008 6.09841e+008 6.09841e+008 6.09841e+008 6.09841e+008 6.09841e+008 6.09841e+008 6.09841e+008 6.09841e+008 6.09841e+008 6.09841e+008 6.09841e+008 6.09841e+008 6.09841e+008 6.09841e+008 6.09841e+008 6.09841e+008 6.09841e+008 6.09841e+008 6.09841e+008 6.09841e+008 6.09841e+008 6.09841e+008 6.09842e+008 6.09842e+008 6.09842e+008 6.09842e+008 6.09842e+008 -9999 -9999 -9999 5.45621e+008 -9999 -9999 -9999 -9999 -9999 
-9999 -9999 -9999 -9999 -9999 -9999 -9999 -9999 -9999 -9999 -9999 -9999 -9999 -9999 4.54094e+008 5.78642e+008 6.12693e+008 5.79331e+008 5.72563e+008 6.12687e+008 6.12687e+008 6.12687e+008 6.12687e+008 6.12688e+008 6.12688e+008 6.12688e+008 6.12688e+008 6.12688e+008 6.12688e+008 6.12688e+008 6.12688e+008 6.12688e+008 6.12688e+008 6.12688e+008 6.12688e+008 6.12688e+008 6.12688e+008 6.12688e+008 6.12688e+008 6.12688e+008 6.12688e+008 6.12688e+008 6.12688e+008 6.12688e+008 6.12688e+008 6.12688e+008 6.12688e+008 6.12688e+008 5.82747e+008 4.10558e+008 -9999 -9999 -9999 -9999 -9999 -9999 
-9999 -9999 -9999 -9999 -9999 -9999 -9999 -9999 -9999 -9999 -9999 -9999 -9999 -9999 -9999 -9999 -9999 -9999 -9999 5.57617e+008 6.1555e+008 6.1555e+008 6.1555e+008 5.59308e+008 5.12006e+008 6.17278e+008 6.1555e+008 6.1555e+008 6.1555e+008 6.1555e+008 6.1555e+008 6.1555e+008 6.1555e+008 6.1555e+008 6.1555e+008 6.1555e+008 5.33859e+008 -9999 -9999 6.11215e+008 5.64647e+008 -9999 6.15551e+008 6.15551e+008 6.15551e+008 6.15551e+008 5.48182e+008 3.58678e+008 -9999 -9999 -9999 -9999 -9999 -9999 -9999 -9999 
-9999 -9999 -9999 -9999 -9999 -9999 -9999 -9999 -9999 -9999 -9999 -9999 -9999 -9999 -9999 -9999 -9999 -9999 -9999 2.14223e+008 -9999 -9999 2.25329e+008 -9999 -9999 -9999 -9999 -9999 6.17284e+008 6.18429e+008 6.1843e+008 6.1843e+008 6.1843e+008 6.1843e+008 6.1843e+008 4.2788e+008 -9999 -9999 -9999 -9999 -9999 -9999 2.68069e+008 -9999 5.94216e+008 6.1843e+008 -9999 -9999 -9999 -9999 -9999 -9999 -9999 -9999 -9999 -9999 
-9999 -9999 -9999 -9999 -9999 -9999 -9999 -9999 -9999 -9999 -9999 -9999 -9999 -9999 -9999 -9999 -9999 -9999 -9999 -9999 -9999 -9999 -9999 -9999 -9999 -9999 -9999 -9999 6.10579e+008 6.2282e+008 5.25542e+008 4.42783e+008 3.77328e+008 -9999 -9999 -9999 -9999 -9999 -9999 -9999 -9999 -9999 -9999 -9999 -9999 5.50172e+008 -9999 -9999 -9999 -9999 -9999 -9999 -9999 -9999 -9999 -9999 
-9999 -9999 -9999 -9999 -9999 -9999 -9999 -9999 -9999 -9999 -9999 -9999 -9999 -9999 -9999 -9999 -9999 -9999 -9999 -9999 -9999 -9999 -9999 -9999 -9999 -9999 -9999 -9999 -9999 -9999 -9999 -9999 -9999 -9999 -9999 -9999 -9999 -9999 -9999 -9999 -9999 -9999 -9999 -9999 2.72187e+008 -9999 -9999 -9999 -9999 -9999 -9999 -9999 -9999 -9999 -9999 -9999 
